- adx_changeddate: 2022-05-19T08:09:49.0000000Z
  adx_name: ~/page/subpage-1
  adx_urlhistoryid: b110433e-f36b-1410-8abb-003de6f02935
  adx_webpageid: 1afbbe2f-ebd5-ec11-a7b5-00224861429d
  timezoneruleversionnumber: 4
- adx_changeddate: 2022-05-19T08:09:49.0000000Z
  adx_name: ~/page/subpage-1
  adx_urlhistoryid: ee11433e-f36b-1410-81db-00d48588229d
  adx_webpageid: 23fbbe2f-ebd5-ec11-a7b5-00224861429d
  timezoneruleversionnumber: 4
- adx_changeddate: 2022-05-19T08:11:19.0000000Z
  adx_name: ~/page/subpage-2
  adx_urlhistoryid: f211433e-f36b-1410-81db-00d48588229d
  adx_webpageid: 1bfbbe2f-ebd5-ec11-a7b5-00224861429d
  timezoneruleversionnumber: 4
- adx_changeddate: 2022-05-19T08:11:19.0000000Z
  adx_name: ~/page/subpage-2
  adx_urlhistoryid: f611433e-f36b-1410-81db-00d48588229d
  adx_webpageid: 20fbbe2f-ebd5-ec11-a7b5-00224861429d
  timezoneruleversionnumber: 4
